0 12 4
0 11 20
0 74 24
1 18 4
1 39 3
1 4 16
1 42 21
1 80 15
1 6 8
2 88 8
2 33 10
2 54 12
2 36 31
2 46 9
2 12 23
2 23 38
2 52 2
2 98 13
2 95 24
2 29 31
2 1 37
2 62 35
2 29 34
2 35 3
2 64 11
2 28 37
2 72 13
3 56 30
3 78 31
3 26 4
3 91 8
3 48 13
4 14 9
4 73 23
4 96 24
4 62 12
5 91 18
5 70 19
5 70 35
5 96 35
5 4 23
6 79 18
6 72 16
6 14 37
6 73 5
6 25 33
6 86 38
6 97 3
6 61 7
7 36 25
7 90 21
7 11 34
7 60 29
7 32 12
7 54 15
7 7 30
7 2 24
7 64 20
7 28 37
7 78 39
7 68 2
7 87 39
8 18 22
8 25 26
8 57 17
8 32 38
8 90 1
8 47 23
8 18 16
8 85 26
8 61 18
8 33 15
8 13 7
9 30 12
9 96 31
9 90 24
9 46 31
9 82 26
9 6 35
9 62 18
9 28 17
9 74 27
9 47 27
9 58 7
9 21 10
9 58 2
9 71 1
9 60 17
9 60 13
9 73 36
10 64 36
10 13 10
10 9 1
10 39 5
10 67 36
11 34 39
11 60 6
11 55 32
11 74 8
11 77 8
11 88 9
11 75 10
11 35 13
11 28 4
11 96 5
11 70 9
11 72 5
12 58 34
12 93 39
12 36 20
12 90 13
12 73 5
12 56 27
12 69 14
13 27 8
14 49 33
14 74 22
14 69 31
14 35 32
14 78 37
14 9 18
14 58 11
14 80 25
14 24 25
14 94 35
14 84 30
14 99 6
15 86 15
15 43 6
15 27 1
15 20 15
15 20 28
15 46 27
15 0 27
15 53 26
16 44 28
16 48 18
16 83 31
16 14 31
16 10 16
16 90 16
16 95 20
16 71 23
16 10 9
16 12 15
16 32 19
16 72 39
16 25 33
16 85 15
16 67 3
16 39 4
16 44 19
16 25 21
16 50 29
17 35 38
17 51 19
18 13 39
18 57 16
18 22 21
18 36 28
18 33 13
18 66 8
18 36 16
18 28 5
19 83 28
19 43 17
19 95 7
19 46 30
19 17 25
19 61 35
19 61 15
19 24 13
19 6 9
19 84 30
19 48 15
19 93 35
19 50 35
19 95 14
19 53 1
19 56 33
19 67 1
19 87 7
20 16 14
20 23 30
20 19 28
20 14 22
20 6 18
20 76 34
20 16 9
21 61 4
21 52 14
21 76 12
21 55 6
21 95 28
21 77 2
21 30 18
21 61 1
21 24 37
21 40 1
21 55 34
21 59 25
22 10 19
22 56 19
22 0 15
22 41 35
22 13 20
22 32 20
22 66 18
22 38 11
22 5 5
22 40 31
22 40 28
22 90 3
22 87 23
22 72 2
22 44 20
22 55 27
23 43 32
23 20 4
23 26 16
23 81 16
23 89 17
23 68 11
23 22 30
23 32 36
24 14 38
24 55 26
24 81 39
24 60 37
24 77 11
24 13 21
24 29 14
24 15 3
24 99 37
24 23 16
24 48 13
24 44 16
24 57 3
24 59 22
24 12 24
24 92 14
25 3 37
25 27 21
25 60 29
25 47 37
25 45 27
25 80 28
25 95 28
25 49 32
25 31 24
25 83 12
25 29 11
25 7 1
25 23 36
26 42 39
26 50 6
26 22 30
26 44 33
26 19 9
26 68 15
26 98 2
27 12 33
27 44 36
27 36 18
27 29 32
27 68 12
27 14 34
27 16 37
27 21 2
27 65 12
27 5 23
27 24 11
27 62 32
27 14 20
28 80 28
28 87 22
28 55 13
28 75 2
28 15 15
28 49 7
28 35 4
28 1 6
28 7 16
28 73 4
28 49 23
28 63 10
28 84 24
29 55 34
29 70 8
29 75 35
29 99 39
29 86 18
30 57 37
30 43 7
30 53 4
30 88 14
30 78 7
30 58 7
30 98 33
30 30 1
30 61 30
31 15 30
31 36 10
31 50 18
31 92 12
32 51 31
32 23 36
32 31 2
32 11 5
32 47 4
32 9 35
32 44 24
32 11 12
32 26 21
32 49 34
32 89 25
33 36 18
33 64 5
33 22 36
33 89 23
33 86 13
33 99 28
33 37 10
33 17 38
33 44 17
33 24 22
33 27 24
34 38 3
34 84 35
34 43 8
34 18 13
34 9 18
35 45 1
35 73 25
35 46 28
35 38 20
36 68 36
36 47 37
37 4 21
37 6 22
37 33 31
37 42 10
37 87 16
37 82 26
37 5 39
37 29 32
37 94 23
37 47 1
37 19 23
37 29 11
37 65 30
37 40 5
37 36 38
37 24 39
37 14 11
38 86 13
38 61 31
38 48 38
38 5 3
38 52 6
38 68 2
38 25 30
38 91 32
38 41 19
38 38 27
38 67 1
38 51 38
38 6 7
38 0 21
38 31 14
38 17 32
39 78 34
39 78 2
39 55 30
39 2 24
39 66 18
39 79 34
39 40 33
39 12 25
39 49 34
39 1 24
39 27 26
39 6 5
39 42 13
39 71 24
39 9 3
39 52 29
39 84 8
39 25 13
40 84 28
40 8 30
40 66 20
40 62 17
40 26 12
40 97 23
40 90 8
40 11 39
41 1 9
41 92 21
41 87 2
41 0 3
41 31 15
41 7 39
42 67 18
43 94 7
43 11 19
43 67 34
43 56 11
43 62 7
43 78 29
43 10 5
43 1 34
43 42 38
43 75 9
43 68 4
43 11 21
43 59 22
43 12 29
43 10 16
43 9 25
43 88 21
44 84 34
44 2 22
44 0 14
44 7 17
44 54 6
44 86 34
44 10 3
44 69 21
44 21 5
44 97 39
44 82 12
44 13 7
44 41 22
44 17 12
44 38 13
44 54 8
44 63 12
44 74 3
44 64 21
45 19 38
45 31 6
45 17 34
45 33 11
45 78 6
45 82 29
45 1 11
45 6 7
45 8 24
45 34 35
45 53 36
45 51 12
45 22 25
45 83 6
45 74 24
46 1 11
46 9 31
46 65 29
46 39 24
46 3 13
46 57 12
46 77 21
46 13 37
46 25 13
46 56 16
46 48 4
46 25 28
47 45 29
47 40 29
47 74 32
47 63 12
48 77 39
48 31 9
48 3 2
49 9 15
49 54 20
49 42 1
49 80 36
49 62 34
49 62 33
49 19 13
49 36 10
49 65 17
49 57 9
49 93 27
49 14 13
49 85 1
50 92 23
50 12 18
50 62 24
50 97 4
50 70 20
50 96 27
50 14 15
50 28 18
50 52 9
50 64 4
50 13 38
50 40 17
51 38 31
51 39 13
51 75 24
51 84 8
51 61 6
51 16 33
51 68 19
51 88 8
51 47 21
51 99 19
51 47 36
51 49 35
51 65 18
51 17 20
51 38 1
51 66 34
51 87 13
51 40 12
52 38 11
52 8 9
52 50 23
52 73 5
53 91 15
53 43 38
53 82 21
53 63 28
53 46 6
53 85 30
53 32 39
53 90 35
53 12 9
53 97 30
53 14 13
53 27 20
53 32 25
53 63 9
54 0 21
54 81 31
55 51 7
55 12 33
55 78 20
55 84 9
56 4 3
56 66 29
56 97 30
56 56 27
56 85 26
56 4 11
56 45 23
56 57 9
56 38 17
57 35 25
57 64 4
57 3 4
57 51 38
57 25 9
57 61 9
57 67 26
57 64 16
57 32 3
57 59 26
57 17 33
57 89 38
57 5 2
57 65 17
58 4 31
58 22 31
58 50 21
58 38 25
58 60 7
59 42 31
60 56 3
60 0 38
60 11 12
60 9 19
61 50 21
61 26 33
61 85 33
61 45 11
61 43 33
61 24 15
61 7 3
61 92 1
61 63 32
61 92 18
61 21 32
61 84 1
61 70 16
61 64 9
61 24 27
61 80 26
62 74 21
62 98 19
62 46 32
62 70 37
62 50 28
62 63 26
62 69 16
62 23 35
62 1 18
62 70 29
62 84 31
62 96 19
62 83 14
62 20 39
62 78 38
62 91 17
62 30 6
62 36 20
62 93 2
63 78 2
63 78 24
63 59 20
63 1 35
63 48 33
63 1 4
63 44 18
63 94 21
64 79 35
64 82 25
64 50 12
64 42 29
64 86 12
64 82 4
64 38 22
64 14 7
64 23 23
64 23 27
65 94 4
65 52 12
65 53 15
65 46 24
65 86 16
65 59 8
65 82 10
65 47 4
65 34 21
65 78 21
65 46 21
65 77 28
65 4 21
65 85 34
65 78 2
65 67 6
65 58 10
65 4 9
66 32 37
66 28 3
66 41 7
66 78 5
67 84 19
67 37 9
67 40 22
67 17 13
67 94 22
67 47 39
67 68 22
67 52 18
67 83 5
67 57 37
67 29 35
67 84 22
67 32 9
67 78 30
68 7 9
68 51 13
68 43 24
69 80 29
69 76 13
69 30 32
69 46 19
69 17 26
69 32 18
69 26 8
69 61 4
69 58 28
69 69 34
69 88 33
69 31 31
70 24 33
70 7 24
70 0 25
70 51 10
70 78 25
70 69 8
70 53 4
70 90 34
70 24 13
70 57 20
70 28 36
70 17 30
70 81 24
71 63 33
71 60 17
71 26 4
71 72 13
71 88 31
71 9 9
72 45 32
72 12 31
72 28 25
72 89 13
72 24 26
72 98 36
72 72 11
72 78 6
72 10 22
72 28 14
72 26 29
72 88 10
72 1 3
72 93 37
73 90 7
73 71 18
73 9 4
73 37 1
73 25 4
73 99 38
73 68 31
73 93 29
73 58 11
73 55 38
73 88 30
73 78 30
74 63 30
74 66 37
74 13 8
74 57 29
74 88 33
74 87 3
74 75 7
74 59 11
74 33 28
74 2 23
74 42 23
74 96 21
74 69 15
74 82 28
74 30 7
74 4 9
74 98 5
75 1 29
76 94 19
76 51 18
76 2 10
76 11 30
76 70 30
76 33 34
76 19 2
76 4 1
76 11 1
76 60 21
76 92 6
76 69 16
76 53 3
77 44 3
77 40 4
77 93 23
77 13 39
77 31 11
77 78 16
77 76 39
77 48 25
78 9 22
78 17 2
78 88 6
78 9 16
78 51 37
78 22 39
78 49 17
78 53 13
78 26 12
78 69 23
78 43 21
78 52 7
79 26 22
79 58 30
79 61 26
79 80 19
79 78 30
79 99 10
79 76 34
79 71 5
79 92 34
79 6 25
80 82 9
80 45 29
80 53 33
80 11 29
81 24 20
81 0 3
81 23 9
81 93 7
82 74 11
82 66 38
82 20 9
82 29 24
82 55 13
82 35 31
82 55 10
82 70 39
82 19 20
82 17 14
82 71 27
82 48 36
82 80 30
82 16 39
83 9 21
83 81 37
83 34 39
83 95 34
83 84 30
83 20 25
83 4 4
83 21 31
83 83 3
83 73 1
83 69 25
83 72 31
83 15 17
83 53 35
84 14 12
84 36 29
84 47 19
84 9 15
84 87 4
84 59 24
84 33 33
84 86 29
84 54 10
84 95 35
85 93 10
85 76 5
85 9 13
85 91 17
85 92 31
85 36 23
85 53 2
85 2 29
85 54 19
85 14 14
85 88 16
85 2 37
85 32 15
85 92 9
85 74 6
85 83 13
85 7 20
85 89 12
85 24 14
86 21 38
86 43 25
86 89 12
86 58 29
86 61 4
87 5 11
87 24 15
87 43 10
87 53 7
87 28 22
87 51 13
88 83 26
88 79 33
88 2 37
88 38 27
88 89 29
88 44 13
88 25 19
88 81 35
88 47 5
88 93 39
88 23 9
88 8 26
88 53 5
88 45 2
88 96 14
88 26 21
89 35 5
89 68 38
89 83 31
89 76 8
89 30 15
89 61 9
89 99 30
90 3 12
90 5 39
90 82 5
90 97 11
90 73 8
90 97 36
90 81 20
90 46 26
90 91 14
90 28 11
90 86 31
90 1 26
90 22 4
90 78 4
90 44 3
90 35 26
90 23 3
90 27 13
91 76 5
91 65 2
91 9 8
91 25 16
91 17 35
91 63 25
91 56 4
91 41 5
91 95 23
91 53 33
91 18 2
91 84 32
91 75 13
91 26 4
91 12 32
91 2 16
92 77 34
92 31 21
92 99 30
92 59 28
92 89 37
92 35 28
92 34 24
92 53 9
92 4 32
92 75 6
93 92 15
93 88 20
93 23 34
93 63 21
93 62 13
93 6 32
93 0 12
93 12 4
93 43 10
93 24 21
93 70 10
93 3 24
93 0 17
93 59 32
93 47 24
94 12 21
94 67 16
94 70 2
94 82 5
94 15 4
94 20 34
94 1 39
94 15 30
95 40 16
95 57 38
95 47 25
95 7 5
95 97 24
95 63 26
95 63 20
95 66 12
95 91 26
96 49 28
96 99 39
96 21 6
96 50 27
96 45 36
96 92 15
96 54 9
96 95 14
96 82 21
96 76 20
96 74 23
96 21 7
96 32 29
96 69 11
96 35 29
97 82 7
97 23 26
97 4 10
97 69 39
97 36 22
97 11 3
97 37 1
97 81 4
97 50 25
97 97 2
97 50 33
97 53 32
97 49 19
97 81 39
97 53 32
97 42 33
97 99 20
97 53 5
97 57 32
98 22 20
98 68 28
98 94 37
98 76 13
98 44 10
98 2 31
98 40 18
98 27 33
98 17 32
98 76 12
98 35 22
98 3 13
98 50 30
98 8 6
99 23 26
99 6 3
99 17 29